

Model: 1
	Policy : [[1.0, 3.0], [1.0, 3.0], [1.0, 3.0], [2.0, 4.0], [1.0, 2.0, 3.0, 4.0]]

Model: 2
	Policy : [[1.0, 3.0], [1.0, 3.0], [1.0, 3.0], [2.0, 4.0], [1.0, 3.0]]

Model: 3
	Policy : [[1.0, 4.0], [3.0], [3.0], [1.0, 4.0], [1.0, 2.0, 3.0, 4.0]]

Model: 4
	Policy : [[1.0, 4.0], [3.0], [3.0], [1.0, 4.0], [1.0, 2.0, 3.0, 4.0]]

Model: 5
	Policy : [[1.0, 4.0], [3.0], [3.0], [1.0, 4.0], [1.0, 2.0, 3.0, 4.0]]

Model: 6
	Policy : [[1.0, 4.0], [3.0], [3.0], [1.0, 4.0], [1.0, 2.0, 3.0, 4.0]]

Model: 7
	Policy : [[1.0], [3.0], [3.0], [4.0], [1.0, 2.0, 3.0, 4.0]]

Model: 8
	Policy : [[1.0], [3.0], [3.0], [4.0], [1.0, 2.0, 3.0, 4.0]]

Model: 9
	Policy : [[1.0], [3.0], [3.0], [4.0], [1.0, 2.0, 3.0, 4.0]]

Model: 10
	Policy : [[1.0], [3.0], [3.0], [4.0], [1.0, 2.0, 3.0, 4.0]]

Model: 11
	Policy : [[1.0], [3.0], [3.0], [4.0], [1.0, 2.0, 3.0, 4.0]]